sequence
bike1
bike2
bike3
bird1

boat1
boat2
boat3
boat4
boat5
boat6
boat7
boat8
boat9
building1
building2
building3
building4
building5
car1

car2
car3
car4
car5
car6

car7
car8
car9
car10
car11
car12
car13
car14
car15
car16
car17
car18
group1

group2

group3

person1
person2
person3
person4
person5
person6
person7
person8
person9
person10
person11
person12
person13
person14

person15
person16
person17
person18
person19

person20
person21
person22
person23
truck1
truck2
truck3
truck4
uav1

uav2
uav3
uav4
uav5
uav6
uav7
uav8
wakeboard1
wakeboard2
wakeboard3
wakeboard4
wakeboard5
wakeboard6
wakeboard7
wakeboard8
wakeboard9
wakeboard10
car1_s
car2_s
car3_s
car4_s
person1_s
person2_s
person3_s
91

sub-seq

fps

bird1_1
bird1_2
bird1_3

car1_1
car1_2
car1_3

car6_1
car6_2
car6_3
car6_4
car6_5
car8_1
car8_2

car16_1
car16_2

group1_1
group1_2
group1_3
group1_4
group2_1
group2_2
group2_3
group3_1
group3_2
group3_3
group3_4
person2_1
person2_2
person4_1
person4_2
person5_1
person5_2
person7_1
person7_2
person8_1
person8_2

person12_1
person12_2
person14_1
person14_2
person14_3

person17_1
person17_2
person19_1
person19_2
person19_3

truck4_1
truck4_2
uav1_1
uav1_2
uav1_3

start
30
30
30
30
30
30
30
30
30
30
30
30
96
96
96
30
30
30
30
96
96
96
96
96
96
96
96
96
96
96
96
96
96
96
96
96
96
60
96
96
96
30
96
96
96
96
30
30
30
30
96
96
96
96
96
96
96
30
30
30
30
30
30
30
30
30
30
30
30
30
30
30
30
30
30
30
96
96
96
96
96
96
96
96
96
96
96
96
30
30
30
30
30
30
30
30
30
30
30
30
30
30
30
30
30
30
96
96
96
96
96
96
96
96
96
96
30
30
30
30
30
30
30

000001
000001
000001
000001
000775
001573
003001
004003
006499
007699
008599
000001
000001
000001
000001
000001
000001
000001
000001
000001
000596
002996
005799
010004
015015
024999
001345
004455
006010
010234
013901
017012
000500
006260
010599
016493
025498
000001
000001
000001
000001
000001
000001
001325
000001
000001
000001
001333
002515
003925
000001
002900
005665
000500
005511
009543
014477
000001
001111
002299
001075
002299
003799
000199
001075
003043
000097
001345
000001
001075
002515
003313
005335
000001
000601
001855
000001
002708
005799
002996
009332
013402
018202
000845
006605
010580
015533
022445
000001
000001
000001
000001
000001
000001
000001
000577
000001
001555
002473
000001
000001
000001
000001
000001
000001
000001
000001
000001
000001
000001
000001
000001
000001
000001
000001
000001
000001
000001
000001
000001
000001
000001
000001

end

# frames

003085
000553
000433
000253
001477
002437
003901
004801
007399
008251
009103
000805
001709
002189
004474
000469
000577
000829
000787
001537
002996
005799
009005
014228
020506
029299
003725
006010
010234
013901
017012
020007
003802
010599
014496
022502
029990
000673
001594
001325
004244
000469
001325
006375
003380
003860
001333
002515
003925
004873
002900
005665
008583
005511
009543
014477
018183
000799
002299
003733
001717
003799
005041
001075
002299
003943
001345
002161
001075
001525
003175
004333
006055
000601
001621
002737
002708
005799
009351
007277
012999
018202
020909
005299
010580
015533
020544
028147
000487
000199
000397
000463
000385
000535
000577
001261
001555
002377
003469
000133
000265
000157
000139
000109
000373
000301
001345
002343
002631
002228
005357
003725
000634
004935
001133
001498
001475
000320
001300
000830
001600
000250
000505

start_n

3085
553
433
253
703
865
901
799
901
553
505
805
535
685
1399
469
577
829
787
481
751
877
1003
1321
1717
1345
745
487
1321
1147
973
937
1033
1357
1219
1879
1405
337
499
415
1327
469
415
1579
1057
1207
1333
1183
1411
949
907
865
913
1567
1261
1543
1159
799
1189
1435
643
1501
1243
877
1225
901
1249
817
1075
451
661
1021
721
601
1021
883
847
967
1111
1339
1147
1501
847
1393
1243
1549
1567
1783
487
199
397
463
385
535
577
685
1555
823
997
133
265
157
139
109
373
301
421
733
823
697
1675
1165
199
1543
355
469
1475
320
1300
830
1600
250
505

end_n

1
1
1
1
775
1573
1
1
1
1
1
1
1
1
1
1
1
1
1
1
1
751
1627
1
1
1
1
1
487
1807
2953
3925
1
1
1357
1
1
1
1
1
1
1
1
415
1
1
1
1333
2515
3925
1
907
1771
1
1567
2827
4369
1
1
1189
1
1
1501
1
877
1
1
1249
1
1075
1
1
1
1
601
1
1
847
1813
1
1
1
1501
1
1
1243
2791
1
1
1
1
1
1
1
1
577
1
1555
2473
1
1
1
1
1
1
1
1
1
1
1
1
1
1
1
1
1
1
1
1
1
1
1
1

dur [s]

3085
553
433
253
1477
2437
901
799
901
553
505
805
535
685
1399
469
577
829
787
481
751
1627
2629
1321
1717
1345
745
487
1807
2953
3925
4861
1033
1357
2575
1879
1405
337
499
415
1327
469
415
1993
1057
1207
1333
2515
3925
4873
907
1771
2683
1567
2827
4369
5527
799
1189
2623
643
1501
2743
877
2101
901
1249
2065
1075
1525
661
1021
721
601
1621
883
847
1813
2923
1339
1147
1501
2347
1393
1243
2791
4357
1783
487
199
397
463
385
535
577
1261
1555
2377
3469
133
265
157
139
109
373
301
421
733
823
697
1675
1165
199
1543
355
469
469
320
1300
830
1600
250
505

SV

ARC

LR

FM

FOC

POC

OV

BC

IV

VC

CM

SOB

103
18
14
8
23
29
30
27
30
18
17
27
18
23
47
16
19
28
26
16
25
29
33
44
57
45
25
16
44
38
32
31
34
45
41
63
47
11
17
14
44
16
14
53
35
40
44
39
47
32
30
29
30
52
42
51
39
27
40
48
21
50
41
29
41
30
42
27
36
15
22
34
24
20
34
29
28
32
37
45
38
50
28
46
41
52
52
59
16
7
13
15
13
18
19
23
52
27
33
4
9
5
5
4
12
10
14
24
27
23
56
39
7
51
12
16
49
11
43
28
53
8
17

1
1
1
1
1
1
1
1
1
1
1
1
1
1
1
0
1
1
0
0
1
1
1
1
1
1
1
1
1
1
1
1
1
1
1
1
1
1
1
1
1
1
1
1
1
1
1
1
1
1
1
1
1
1
1
1
1
0
0
0
1
1
1
1
0
0
1
1
1
1
1
1
1
0
1
0
1
0
0
1
1
1
1
1
1
1
1
1
1
1
1
1
1
0
1
1
1
1
1
1
1
1
1
1
1
1
1
1
1
1
1
1
1
1
1
1
1
1
1
1
1
0
1

1
1
0
1
1
1
0
0
1
1
1
0
1
1
1
0
0
0
0
0
0
1
1
1
0
1
0
0
1
1
0
1
1
1
0
1
0
0
1
0
1
1
0
1
1
1
0
0
1
1
1
0
1
1
1
1
1
0
0
0
0
0
0
0
0
0
1
1
1
1
1
0
1
0
1
0
1
0
0
0
1
1
1
1
1
1
1
1
1
0
0
1
1
0
0
0
1
1
1
0
0
0
0
0
0
0
1
1
1
1
1
1
1
1
0
0
1
0
0
1
0
0
1

0
1
1
1
1
1
0
0
0
0
0
0
0
1
1
0
0
0
0
0
0
1
0
1
1
1
0
0
0
0
0
0
0
0
0
1
0
1
1
1
1
1
1
0
1
0
0
0
1
0
0
0
1
1
1
0
1
0
0
0
0
0
0
0
0
0
0
0
0
0
0
0
0
0
0
0
1
0
0
0
0
0
0
0
0
0
1
0
1
1
0
0
1
1
1
1
1
1
1
1
1
1
1
1
1
1
0
0
1
0
1
1
0
1
1
1
0
0
0
0
0
0
0

1
0
0
1
1
1
0
0
0
0
0
0
1
0
0
0
0
0
0
0
0
0
0
0
0
0
0
0
0
0
0
0
0
0
0
1
0
0
0
0
0
0
1
1
0
1
0
0
0
0
0
0
0
0
0
0
0
0
0
0
0
0
0
0
0
0
1
1
1
0
0
0
0
0
0
0
0
0
0
0
0
0
0
0
1
1
1
0
0
0
1
0
0
0
0
0
0
0
1
0
1
0
0
1
0
0
0
1
0
0
1
1
0
0
0
0
1
1
1
1
1
0
1

0
1
0
1
1
1
0
0
0
0
0
0
0
0
0
0
0
0
0
0
0
1
1
1
0
0
0
0
0
0
0
0
1
0
0
0
0
1
1
0
1
0
0
0
0
0
0
0
0
0
1
1
1
0
1
0
1
0
0
0
0
0
0
0
0
0
1
0
1
0
1
1
0
0
1
0
1
0
0
0
1
1
0
0
1
1
1
0
0
0
0
0
0
0
0
0
1
1
1
1
0
0
0
1
1
0
0
0
0
0
0
0
0
0
0
0
0
0
0
0
0
0
0

0
1
1
1
1
1
0
0
0
0
0
0
0
0
1
0
0
0
0
0
0
1
1
1
1
1
0
0
1
0
0
1
1
1
0
1
1
1
1
0
1
1
1
0
0
0
1
1
1
1
1
1
1
1
1
1
1
0
0
1
0
1
0
0
0
0
1
1
1
1
1
1
1
0
1
1
1
0
1
1
1
1
1
1
1
1
1
1
1
0
0
1
1
1
1
1
1
1
1
1
0
0
0
1
1
0
0
0
0
0
1
0
0
0
0
0
1
1
1
0
1
0
1

0
0
0
1
1
1
0
0
0
0
0
0
0
0
0
0
0
0
0
0
0
0
1
1
1
0
0
0
1
0
0
1
0
1
0
0
0
0
0
0
1
0
1
0
0
0
0
0
0
0
0
0
0
0
0
0
0
0
0
1
0
1
0
0
0
0
1
1
1
1
1
1
0
0
0
0
0
0
1
0
0
0
0
1
1
1
1
1
0
0
0
0
0
0
0
0
1
1
1
0
0
0
0
0
0
0
0
0
0
0
0
0
0
0
0
0
1
0
0
0
0
0
1

0
1
0
0
0
0
0
0
0
0
0
0
0
0
0
0
0
0
0
0
0
0
0
0
0
0
0
0
0
0
0
0
0
0
0
0
0
0
0
0
0
0
0
0
0
0
0
0
0
0
1
0
1
0
1
1
1
0
0
0
0
0
0
0
0
0
0
0
0
0
0
0
0
1
0
1
1
1
1
0
1
0
1
0
0
0
0
0
1
0
0
0
0
1
0
0
1
1
1
0
0
0
1
0
1
1
0
0
0
0
0
0
0
0
0
0
0
0
0
0
0
0
0

1
1
0
0
0
0
0
0
0
1
0
0
0
0
0
0
0
0
0
0
0
0
0
0
0
0
0
0
0
1
1
0
0
0
1
0
0
0
0
0
0
0
0
0
0
0
0
0
0
1
0
0
1
0
1
0
1
0
0
0
0
0
0
0
0
0
0
0
0
0
0
0
0
1
1
1
0
0
0
0
1
1
1
0
0
0
0
0
1
0
0
0
0
0
0
0
1
1
1
0
0
0
0
0
0
1
1
0
0
0
1
1
0
1
0
0
1
1
1
1
1
0
1

1
0
0
0
0
0
0
0
1
1
1
0
1
1
1
0
0
0
0
0
0
1
1
0
0
0
0
0
1
1
1
1
1
1
0
0
0
1
1
0
1
0
1
1
1
1
0
0
1
1
1
1
1
0
0
0
0
0
0
0
0
0
0
1
1
1
1
1
0
0
1
1
1
1
0
1
0
0
1
0
0
0
0
1
0
0
1
1
1
1
0
1
0
0
0
1
1
1
1
0
0
0
0
0
0
0
0
1
1
1
1
1
1
1
0
0
1
1
1
1
1
0
0

1
0
0
0
0
1
0
0
0
0
0
0
1
0
0
0
0
0
0
1
1
1
0
1
1
1
0
0
1
0
1
1
0
1
0
1
0
1
0
1
1
0
1
1
1
1
0
0
1
1
1
1
1
0
1
1
1
1
1
1
1
1
1
0
0
1
1
1
1
0
1
1
0
1
1
0
1
1
1
0
1
0
1
1
1
1
1
1
0
0
1
0
0
0
0
0
1
0
1
0
1
0
0
1
0
0
0
1
1
0
1
1
0
1
1
0
1
1
1
1
1
0
1

1
0
0
0
0
0
0
0
0
0
0
0
0
0
0
0
0
1
0
0
1
1
1
1
1
1
0
0
0
1
1
0
1
1
1
1
1
1
1
0
0
1
0
0
0
0
1
1
1
1
1
1
1
1
1
1
1
0
0
0
0
1
0
0
0
0
0
0
0
0
1
1
1
0
0
0
0
0
0
1
0
0
0
0
0
0
1
1
1
0
0
0
0
0
0
0
0
0
0
0
0
1
0
1
0
0
0
0
0
0
0
0
0
0
0
0
0
0
0
0
0
0
0

31
4
103
29
3543

109
89%

68
55%

48
39%

28
23%

33
27%

73
59%

30
24%

21
17%

31
25%

60
49%

70
57%

39
32%

123
AVG
MIN
MAX
MED
SUM

915
109
3085
877
106293

IV

Illumination Variation: the illumination of the target changes significantly.

SV

Scale Variation: the ratio of initial and at least one subsequent bounding box is outside the range [0.5, 2].

POC

Partial Occlusion: the target is partially occluded.

FOC

Full Occlusion: the target is fully occluded.

OV

Out-of-View: some portion of the target leaves the view.

FM

Fast Motion: motion of the ground-truth bounding box is larger than 20 pixels between two consecutive frames.

CM

Camera Motion: abrupt motion of the camera.

BC

Background Clutter: the background near the target has similar appearance as the target.

SOB

Similar Object: there are objects of similar shape or same type near the target.

ARC

Aspect Ratio Change: the fraction of ground-truth aspect ratio in the first frame and at least one subsequent frame is outside the range [0.5,
2].

VC

Viewpoint Change: viewpoint affects target appearance significantly.

LR

Low Resolution: at least one ground-truth bounding box has less than 400 pixels.

SV

ARC

LR

FM

OCC

109
89%

68
55%

48
39%

28
23%

73
59%

Attribute Distribution
109

73

68

70
60

48
28

SV

ARC

LR

FM

39

33

31

30
21

FOC

POC

OV

BC

IV

VC

CM

SOB
